 0.05000  0.000000000E+00  0.000000000E+00  0.000000000E+00
 0.10000  1.591549507E-13  1.591549507E-13  1.591549507E-13
 0.15000  1.591549507E-13  1.591549507E-13  1.591549507E-13
 0.20000  1.591549507E-13  1.591549507E-13  1.591549507E-13
 0.25000  1.591549507E-13  1.591549507E-13  1.591549507E-13
 0.30000  1.591549507E-13  1.591549507E-13  1.591549507E-13
 0.35000  1.591549507E-13  1.591549507E-13  1.591549507E-13
 0.40000  1.591549507E-13  1.591549507E-13  1.591549507E-13
 0.45000  1.591549507E-13  1.591549507E-13  1.591549507E-13
 0.50000  1.591549507E-13  1.591549507E-13  1.591549507E-13
 0.55000  1.591549507E-13  1.591549507E-13  1.591549507E-13
 0.60000  1.591549507E-13  1.591549507E-13  1.591549507E-13
 0.65000  1.591549507E-13  1.591549507E-13  1.591549507E-13
 0.70000  1.591549507E-13  1.591549507E-13  1.591549507E-13
 0.75000  1.591549507E-13  1.591549507E-13  1.591549507E-13
 0.80000  1.591549507E-13  1.591549507E-13  1.591549507E-13
 0.85000  1.591549507E-13  1.591549507E-13  1.591549507E-13
 0.90000  1.591549507E-13  1.591549507E-13  1.591549507E-13
 0.95000  1.591549507E-13  1.591549507E-13  1.591549507E-13
 1.00000  1.591549507E-13  1.591549507E-13  1.591549507E-13
