625 4 1
0 1 2 3 0
1 4 5 2 1
6 7 8 9 0
10 11 12 13 1
11 14 15 12 0
16 17 18 19 1
5 20 21 17 2
9 8 22 20 1
13 23 24 22 2
23 25 26 27 1
19 18 28 29 0
21 30 31 32 1
30 33 34 31 0
33 24 35 34 1
27 26 36 37 0
29 28 38 39 1
32 40 41 38 2
40 42 43 44 1
35 45 46 42 2
37 36 47 45 1
48 49 50 51 0
49 41 52 50 1
44 43 53 54 0
46 55 56 57 1
55 58 59 56 0
14 60 61 15 0
60 62 63 61 1
64 65 66 67 0
68 69 70 71 1
69 72 73 70 0
25 74 75 26 1
63 76 77 74 2
67 66 78 76 1
71 79 80 78 2
79 81 82 83 1
26 75 84 36 0
77 85 86 87 1
85 88 89 86 0
88 80 90 89 1
83 82 91 92 0
36 84 93 47 1
87 94 95 93 2
94 96 97 98 1
90 99 100 96 2
92 91 101 99 1
58 102 103 59 0
102 95 104 103 1
98 97 105 106 0
100 107 108 109 1
107 110 111 108 0
72 112 113 73 0
112 114 115 113 1
116 117 118 119 0
120 121 122 123 1
121 124 125 122 0
81 126 127 82 1
115 128 129 126 2
119 118 130 128 1
123 131 132 130 2
131 133 134 135 1
82 127 136 91 0
129 137 138 139 1
137 140 141 138 0
140 132 142 141 1
135 134 143 144 0
91 136 145 101 1
139 146 147 145 2
146 148 149 150 1
142 151 152 148 2
144 143 153 151 1
110 154 155 111 0
154 147 156 155 1
150 149 157 158 0
152 159 160 161 1
159 162 163 160 0
124 164 165 125 0
164 166 167 165 1
168 169 170 171 0
172 173 174 175 1
173 176 177 174 0
133 178 179 134 1
167 180 181 178 2
171 170 182 180 1
175 183 184 182 2
183 185 186 187 1
134 179 188 143 0
181 189 190 191 1
189 192 193 190 0
192 184 194 193 1
187 186 195 196 0
143 188 197 153 1
191 198 199 197 2
198 200 201 202 1
194 203 204 200 2
196 195 205 203 1
162 206 207 163 0
206 199 208 207 1
202 201 209 210 0
204 211 212 213 1
211 214 215 212 0
176 216 217 177 0
216 218 219 217 1
220 221 222 223 0
224 225 226 227 1
225 228 229 226 0
185 230 231 186 1
219 232 233 230 2
223 222 234 232 1
227 235 236 234 2
235 237 238 239 1
186 231 240 195 0
233 241 242 243 1
241 244 245 242 0
244 236 246 245 1
239 238 247 248 0
195 240 249 205 1
243 250 251 249 2
250 252 253 254 1
246 255 256 252 2
248 247 257 255 1
214 258 259 215 0
258 251 260 259 1
254 253 261 262 0
256 263 264 265 1
263 266 267 264 0
51 50 268 269 0
50 52 270 268 1
54 53 271 272 0
57 56 273 274 1
56 59 275 273 0
276 277 278 279 1
270 280 281 277 2
272 271 282 280 1
274 283 284 282 2
283 285 286 287 1
279 278 288 289 0
281 290 291 292 1
290 293 294 291 0
293 284 295 294 1
287 286 296 297 0
289 288 298 299 1
292 300 301 298 2
300 302 303 304 1
295 305 306 302 2
297 296 307 305 1
308 309 310 311 0
309 301 312 310 1
304 303 313 314 0
306 315 316 317 1
315 318 319 316 0
59 103 320 275 0
103 104 321 320 1
106 105 322 323 0
109 108 324 325 1
108 111 326 324 0
285 327 328 286 1
321 329 330 327 2
323 322 331 329 1
325 332 333 331 2
332 334 335 336 1
286 328 337 296 0
330 338 339 340 1
338 341 342 339 0
341 333 343 342 1
336 335 344 345 0
296 337 346 307 1
340 347 348 346 2
347 349 350 351 1
343 352 353 349 2
345 344 354 352 1
318 355 356 319 0
355 348 357 356 1
351 350 358 359 0
353 360 361 362 1
360 363 364 361 0
111 155 365 326 0
155 156 366 365 1
158 157 367 368 0
161 160 369 370 1
160 163 371 369 0
334 372 373 335 1
366 374 375 372 2
368 367 376 374 1
370 377 378 376 2
377 379 380 381 1
335 373 382 344 0
375 383 384 385 1
383 386 387 384 0
386 378 388 387 1
381 380 389 390 0
344 382 391 354 1
385 392 393 391 2
392 394 395 396 1
388 397 398 394 2
390 389 399 397 1
363 400 401 364 0
400 393 402 401 1
396 395 403 404 0
398 405 406 407 1
405 408 409 406 0
163 207 410 371 0
207 208 411 410 1
210 209 412 413 0
213 212 414 415 1
212 215 416 414 0
379 417 418 380 1
411 419 420 417 2
413 412 421 419 1
415 422 423 421 2
422 424 425 426 1
380 418 427 389 0
420 428 429 430 1
428 431 432 429 0
431 423 433 432 1
426 425 434 435 0
389 427 436 399 1
430 437 438 436 2
437 439 440 441 1
433 442 443 439 2
435 434 444 442 1
408 445 446 409 0
445 438 447 446 1
441 440 448 449 0
443 450 451 452 1
450 453 454 451 0
215 259 455 416 0
259 260 456 455 1
262 261 457 458 0
265 264 459 460 1
264 267 461 459 0
424 462 463 425 1
456 464 465 462 2
458 457 466 464 1
460 467 468 466 2
467 469 470 471 1
425 463 472 434 0
465 473 474 475 1
473 476 477 474 0
476 468 478 477 1
471 470 479 480 0
434 472 481 444 1
475 482 483 481 2
482 484 485 486 1
478 487 488 484 2
480 479 489 487 1
453 490 491 454 0
490 483 492 491 1
486 485 493 494 0
488 495 496 497 1
495 498 499 496 0
311 310 500 501 0
310 312 502 500 1
314 313 503 504 0
317 316 505 506 1
316 319 507 505 0
508 509 510 511 1
502 512 513 509 2
504 503 514 512 1
506 515 516 514 2
515 517 518 519 1
511 510 520 521 0
513 522 523 524 1
522 525 526 523 0
525 516 527 526 1
519 518 528 529 0
521 520 530 531 1
524 532 533 530 2
532 534 535 536 1
527 537 538 534 2
529 528 539 537 1
540 541 542 543 0
541 533 544 542 1
536 535 545 546 0
538 547 548 549 1
547 550 551 548 0
319 356 552 507 0
356 357 553 552 1
359 358 554 555 0
362 361 556 557 1
361 364 558 556 0
517 559 560 518 1
553 561 562 559 2
555 554 563 561 1
557 564 565 563 2
564 566 567 568 1
518 560 569 528 0
562 570 571 572 1
570 573 574 571 0
573 565 575 574 1
568 567 576 577 0
528 569 578 539 1
572 579 580 578 2
579 581 582 583 1
575 584 585 581 2
577 576 586 584 1
550 587 588 551 0
587 580 589 588 1
583 582 590 591 0
585 592 593 594 1
592 595 596 593 0
364 401 597 558 0
401 402 598 597 1
404 403 599 600 0
407 406 601 602 1
406 409 603 601 0
566 604 605 567 1
598 606 607 604 2
600 599 608 606 1
602 609 610 608 2
609 611 612 613 1
567 605 614 576 0
607 615 616 617 1
615 618 619 616 0
618 610 620 619 1
613 612 621 622 0
576 614 623 586 1
617 624 625 623 2
624 626 627 628 1
620 629 630 626 2
622 621 631 629 1
595 632 633 596 0
632 625 634 633 1
628 627 635 636 0
630 637 638 639 1
637 640 641 638 0
409 446 642 603 0
446 447 643 642 1
449 448 644 645 0
452 451 646 647 1
451 454 648 646 0
611 649 650 612 1
643 651 652 649 2
645 644 653 651 1
647 654 655 653 2
654 656 657 658 1
612 650 659 621 0
652 660 661 662 1
660 663 664 661 0
663 655 665 664 1
658 657 666 667 0
621 659 668 631 1
662 669 670 668 2
669 671 672 673 1
665 674 675 671 2
667 666 676 674 1
640 677 678 641 0
677 670 679 678 1
673 672 680 681 0
675 682 683 684 1
682 685 686 683 0
454 491 687 648 0
491 492 688 687 1
494 493 689 690 0
497 496 691 692 1
496 499 693 691 0
656 694 695 657 1
688 696 697 694 2
690 689 698 696 1
692 699 700 698 2
699 701 702 703 1
657 695 704 666 0
697 705 706 707 1
705 708 709 706 0
708 700 710 709 1
703 702 711 712 0
666 704 713 676 1
707 714 715 713 2
714 716 717 718 1
710 719 720 716 2
712 711 721 719 1
685 722 723 686 0
722 715 724 723 1
718 717 725 726 0
720 727 728 729 1
727 730 731 728 0
543 542 732 733 0
542 544 734 732 1
546 545 735 736 0
549 548 737 738 1
548 551 739 737 0
740 741 742 743 1
734 744 745 741 2
736 735 746 744 1
738 747 748 746 2
747 749 750 751 1
743 742 752 753 0
745 754 755 756 1
754 757 758 755 0
757 748 759 758 1
751 750 760 761 0
753 752 762 763 1
756 764 765 762 2
764 766 767 768 1
759 769 770 766 2
761 760 771 769 1
772 773 774 775 0
773 765 776 774 1
768 767 777 778 0
770 779 780 781 1
779 782 783 780 0
551 588 784 739 0
588 589 785 784 1
591 590 786 787 0
594 593 788 789 1
593 596 790 788 0
749 791 792 750 1
785 793 794 791 2
787 786 795 793 1
789 796 797 795 2
796 798 799 800 1
750 792 801 760 0
794 802 803 804 1
802 805 806 803 0
805 797 807 806 1
800 799 808 809 0
760 801 810 771 1
804 811 812 810 2
811 813 814 815 1
807 816 817 813 2
809 808 818 816 1
782 819 820 783 0
819 812 821 820 1
815 814 822 823 0
817 824 825 826 1
824 827 828 825 0
596 633 829 790 0
633 634 830 829 1
636 635 831 832 0
639 638 833 834 1
638 641 835 833 0
798 836 837 799 1
830 838 839 836 2
832 831 840 838 1
834 841 842 840 2
841 843 844 845 1
799 837 846 808 0
839 847 848 849 1
847 850 851 848 0
850 842 852 851 1
845 844 853 854 0
808 846 855 818 1
849 856 857 855 2
856 858 859 860 1
852 861 862 858 2
854 853 863 861 1
827 864 865 828 0
864 857 866 865 1
860 859 867 868 0
862 869 870 871 1
869 872 873 870 0
641 678 874 835 0
678 679 875 874 1
681 680 876 877 0
684 683 878 879 1
683 686 880 878 0
843 881 882 844 1
875 883 884 881 2
877 876 885 883 1
879 886 887 885 2
886 888 889 890 1
844 882 891 853 0
884 892 893 894 1
892 895 896 893 0
895 887 897 896 1
890 889 898 899 0
853 891 900 863 1
894 901 902 900 2
901 903 904 905 1
897 906 907 903 2
899 898 908 906 1
872 909 910 873 0
909 902 911 910 1
905 904 912 913 0
907 914 915 916 1
914 917 918 915 0
686 723 919 880 0
723 724 920 919 1
726 725 921 922 0
729 728 923 924 1
728 731 925 923 0
888 926 927 889 1
920 928 929 926 2
922 921 930 928 1
924 931 932 930 2
931 933 934 935 1
889 927 936 898 0
929 937 938 939 1
937 940 941 938 0
940 932 942 941 1
935 934 943 944 0
898 936 945 908 1
939 946 947 945 2
946 948 949 950 1
942 951 952 948 2
944 943 953 951 1
917 954 955 918 0
954 947 956 955 1
950 949 957 958 0
952 959 960 961 1
959 962 963 960 0
775 774 964 965 0
774 776 966 964 1
778 777 967 968 0
781 780 969 970 1
780 783 971 969 0
972 973 974 975 1
966 976 977 973 2
968 967 978 976 1
970 979 980 978 2
979 981 982 983 1
975 974 984 985 0
977 986 987 988 1
986 989 990 987 0
989 980 991 990 1
983 982 992 993 0
985 984 994 995 1
988 996 997 994 2
996 998 999 1000 1
991 1001 1002 998 2
993 992 1003 1001 1
1004 1005 1006 1007 0
1005 997 1008 1006 1
1000 999 1009 1010 0
1002 1011 1012 1013 1
1011 1014 1015 1012 0
783 820 1016 971 0
820 821 1017 1016 1
823 822 1018 1019 0
826 825 1020 1021 1
825 828 1022 1020 0
981 1023 1024 982 1
1017 1025 1026 1023 2
1019 1018 1027 1025 1
1021 1028 1029 1027 2
1028 1030 1031 1032 1
982 1024 1033 992 0
1026 1034 1035 1036 1
1034 1037 1038 1035 0
1037 1029 1039 1038 1
1032 1031 1040 1041 0
992 1033 1042 1003 1
1036 1043 1044 1042 2
1043 1045 1046 1047 1
1039 1048 1049 1045 2
1041 1040 1050 1048 1
1014 1051 1052 1015 0
1051 1044 1053 1052 1
1047 1046 1054 1055 0
1049 1056 1057 1058 1
1056 1059 1060 1057 0
828 865 1061 1022 0
865 866 1062 1061 1
868 867 1063 1064 0
871 870 1065 1066 1
870 873 1067 1065 0
1030 1068 1069 1031 1
1062 1070 1071 1068 2
1064 1063 1072 1070 1
1066 1073 1074 1072 2
1073 1075 1076 1077 1
1031 1069 1078 1040 0
1071 1079 1080 1081 1
1079 1082 1083 1080 0
1082 1074 1084 1083 1
1077 1076 1085 1086 0
1040 1078 1087 1050 1
1081 1088 1089 1087 2
1088 1090 1091 1092 1
1084 1093 1094 1090 2
1086 1085 1095 1093 1
1059 1096 1097 1060 0
1096 1089 1098 1097 1
1092 1091 1099 1100 0
1094 1101 1102 1103 1
1101 1104 1105 1102 0
873 910 1106 1067 0
910 911 1107 1106 1
913 912 1108 1109 0
916 915 1110 1111 1
915 918 1112 1110 0
1075 1113 1114 1076 1
1107 1115 1116 1113 2
1109 1108 1117 1115 1
1111 1118 1119 1117 2
1118 1120 1121 1122 1
1076 1114 1123 1085 0
1116 1124 1125 1126 1
1124 1127 1128 1125 0
1127 1119 1129 1128 1
1122 1121 1130 1131 0
1085 1123 1132 1095 1
1126 1133 1134 1132 2
1133 1135 1136 1137 1
1129 1138 1139 1135 2
1131 1130 1140 1138 1
1104 1141 1142 1105 0
1141 1134 1143 1142 1
1137 1136 1144 1145 0
1139 1146 1147 1148 1
1146 1149 1150 1147 0
918 955 1151 1112 0
955 956 1152 1151 1
958 957 1153 1154 0
961 960 1155 1156 1
960 963 1157 1155 0
1120 1158 1159 1121 1
1152 1160 1161 1158 2
1154 1153 1162 1160 1
1156 1163 1164 1162 2
1163 1165 1166 1167 1
1121 1159 1168 1130 0
1161 1169 1170 1171 1
1169 1172 1173 1170 0
1172 1164 1174 1173 1
1167 1166 1175 1176 0
1130 1168 1177 1140 1
1171 1178 1179 1177 2
1178 1180 1181 1182 1
1174 1183 1184 1180 2
1176 1175 1185 1183 1
1149 1186 1187 1150 0
1186 1179 1188 1187 1
1182 1181 1189 1190 0
1184 1191 1192 1193 1
1191 1194 1195 1192 0
